index,area,connectivity,isovistArea
0,37914,[(0, 12), (0, 23)],15947
1,1904,[(1, 9), (1, 5), (1, 7), (1, 14)],1992
2,1466,[(2, 19), (2, 16), (2, 6), (2, 34), (2, 13), (2, 3)],474
3,922,[(3, 24), (3, 4), (3, 29), (3, 15), (3, 2), (3, 21), (3, 34), (3, 8), (3, 27), (3, 33), (3, 14), (3, 26), (3, 25)],780
4,913,[(4, 3), (4, 23), (4, 22), (4, 5)],616
5,909,[(5, 4), (5, 1), (5, 8)],891
6,795,[(6, 2), (6, 30), (6, 32), (6, 31)],1296
7,464,[(7, 18), (7, 1)],806
8,431,[(8, 5), (8, 21), (8, 10), (8, 20), (8, 3), (8, 14), (8, 17), (8, 22)],946
9,427,[(9, 1), (9, 18)],1459
10,382,[(10, 8)],997
11,375,[(11, 18)],705
12,316,[(12, 0), (12, 30)],1803
13,252,[(13, 2), (13, 19)],304
14,154,[(14, 8), (14, 28), (14, 19), (14, 3), (14, 1)],381
15,115,[(15, 3)],120
16,106,[(16, 2)],198
17,88,[(17, 8)],378
18,49,[(18, 7), (18, 9), (18, 32), (18, 11)],1033
19,44,[(19, 13), (19, 2), (19, 14)],284
20,38,[(20, 8)],155
21,36,[(21, 8), (21, 3)],317
22,36,[(22, 8), (22, 4)],269
23,34,[(23, 4), (23, 0)],741
24,30,[(24, 3)],422
25,30,[(25, 3)],309
26,29,[(26, 3)],249
27,27,[(27, 3)],198
28,23,[(28, 14)],32
29,22,[(29, 3)],147
30,21,[(30, 6), (30, 32), (30, 31), (30, 12)],1739
31,19,[(31, 6), (31, 30)],496
32,19,[(32, 6), (32, 18), (32, 30)],795
33,7,[(33, 3)],7
34,5,[(34, 2), (34, 3)],604
