index,area,connectivity,isovistArea
0,1161,[(0, 28), (0, 19), (0, 21), (0, 1), (0, 13), (0, 23), (0, 25), (0, 5), (0, 17), (0, 4), (0, 14), (0, 7)],597
1,408,[(1, 35), (1, 15), (1, 0), (1, 33), (1, 34), (1, 3), (1, 36)],291
2,194,[(2, 3)],194
3,162,[(3, 18), (3, 24), (3, 30), (3, 17), (3, 4), (3, 10), (3, 16), (3, 2), (3, 21), (3, 8), (3, 27), (3, 40), (3, 1), (3, 20), (3, 7), (3, 26), (3, 32), (3, 19), (3, 12)],59
4,54,[(4, 3), (4, 0)],54
5,36,[(5, 20), (5, 0), (5, 21), (5, 10), (5, 16), (5, 22), (5, 8)],36
6,36,[(6, 9), (6, 16), (6, 37), (6, 29)],36
7,34,[(7, 3), (7, 0)],16
8,33,[(8, 5), (8, 10), (8, 20), (8, 3)],33
9,29,[(9, 6), (9, 16), (9, 29), (9, 11)],29
10,21,[(10, 8), (10, 5), (10, 22), (10, 3), (10, 32)],21
11,20,[(11, 30), (11, 9), (11, 16)],20
12,16,[(12, 13), (12, 3)],16
13,16,[(13, 12), (13, 0)],15
14,15,[(14, 21), (14, 28), (14, 0), (14, 26)],15
15,15,[(15, 39), (15, 1)],15
16,14,[(16, 11), (16, 30), (16, 9), (16, 3), (16, 38), (16, 5), (16, 6)],14
17,12,[(17, 3), (17, 0)],12
18,11,[(18, 23), (18, 24), (18, 30), (18, 3)],11
19,10,[(19, 0), (19, 3), (19, 21), (19, 27)],10
20,10,[(20, 38), (20, 5), (20, 3), (20, 8)],10
21,8,[(21, 14), (21, 3), (21, 0), (21, 5), (21, 19)],8
22,8,[(22, 10), (22, 32), (22, 5)],8
23,8,[(23, 0), (23, 24), (23, 18)],8
24,8,[(24, 23), (24, 18), (24, 3)],8
25,7,[(25, 27), (25, 0)],7
26,7,[(26, 32), (26, 14), (26, 3)],7
27,7,[(27, 3), (27, 19), (27, 25)],7
28,7,[(28, 14), (28, 0)],7
29,6,[(29, 9), (29, 6)],6
30,5,[(30, 3), (30, 16), (30, 11), (30, 18), (30, 31)],5
31,5,[(31, 30)],5
32,4,[(32, 26), (32, 3), (32, 22), (32, 10)],4
33,4,[(33, 1)],4
34,4,[(34, 1)],4
35,4,[(35, 1)],4
36,4,[(36, 1)],4
37,4,[(37, 6)],4
38,4,[(38, 20), (38, 16), (38, 38)],4
39,1,[(39, 40), (39, 15), (39, 41)],1
40,1,[(40, 3), (40, 39)],1
41,1,[(41, 39)],1