index,area,connectivity,isovistArea
0,3284,[(0, 2), (0, 4)],1231
1,769,[(1, 5), (1, 6), (1, 1), (1, 2)],574
2,159,[(2, 0), (2, 1)],561
3,144,[(3, 18), (3, 11), (3, 17), (3, 4), (3, 10), (3, 16), (3, 22), (3, 9), (3, 15), (3, 21), (3, 8), (3, 14), (3, 20), (3, 7), (3, 13), (3, 19), (3, 12)],224
4,104,[(4, 3), (4, 0)],333
5,28,[(5, 1)],29
6,25,[(6, 1)],25
7,17,[(7, 3)],26
8,17,[(8, 3)],29
9,16,[(9, 3)],28
10,16,[(10, 3)],28
11,15,[(11, 3)],26
12,14,[(12, 3)],26
13,14,[(13, 3)],25
14,14,[(14, 3)],26
15,14,[(15, 3)],25
16,14,[(16, 3)],25
17,14,[(17, 3)],26
18,14,[(18, 3)],25
19,13,[(19, 3)],24
20,13,[(20, 3)],24
21,12,[(21, 3)],24
22,12,[(22, 3)],24
