index,area,connectivity,isovistArea
0,1958,[(0, 6), (0, 17)],354
1,344,[(1, 7), (1, 3), (1, 4)],635
2,276,[(2, 15), (2, 6), (2, 14)],245
3,128,[(3, 18), (3, 5), (3, 24), (3, 8), (3, 27), (3, 17), (3, 11), (3, 4), (3, 1), (3, 29), (3, 28)],654
4,106,[(4, 3), (4, 25), (4, 20), (4, 7), (4, 23), (4, 13), (4, 22), (4, 1), (4, 26), (4, 21)],663
5,88,[(5, 3)],115
6,56,[(6, 2), (6, 0)],99
7,50,[(7, 1), (7, 4)],619
8,42,[(8, 9), (8, 3)],27
9,31,[(9, 8)],36
10,24,[(10, 12), (10, 29)],42
11,23,[(11, 3)],95
12,23,[(12, 10), (12, 16)],39
13,23,[(13, 4)],28
14,20,[(14, 2)],38
15,18,[(15, 2)],35
16,17,[(16, 29), (16, 12)],35
17,17,[(17, 3), (17, 0)],186
18,16,[(18, 3)],104
19,16,[(19, 28), (19, 24)],23
20,15,[(20, 4)],103
21,15,[(21, 4)],26
22,15,[(22, 4)],116
23,15,[(23, 4)],105
24,15,[(24, 3), (24, 19)],139
25,15,[(25, 4)],73
26,14,[(26, 4)],92
27,14,[(27, 3)],24
28,13,[(28, 19), (28, 3)],129
29,11,[(29, 3), (29, 16), (29, 10)],39
