index,area,connectivity,isovistArea
0,2999,[(0, 5), (0, 16), (0, 23)],936
1,296,[(1, 5), (1, 14), (1, 3)],480
2,237,[(2, 4), (2, 10)],285
3,129,[(3, 1), (3, 25), (3, 9)],437
4,119,[(4, 19), (4, 20), (4, 7), (4, 2), (4, 13), (4, 8), (4, 11), (4, 22), (4, 10)],79
5,117,[(5, 0), (5, 1), (5, 8), (5, 18)],167
6,103,[(6, 12), (6, 11)],119
7,87,[(7, 4), (7, 11), (7, 13)],106
8,80,[(8, 5), (8, 25), (8, 4)],107
9,51,[(9, 3), (9, 25), (9, 15)],72
10,44,[(10, 21), (10, 25), (10, 4), (10, 2), (10, 15)],204
11,44,[(11, 4), (11, 7), (11, 27), (11, 6), (11, 12)],120
12,41,[(12, 29), (12, 6), (12, 28), (12, 11)],54
13,38,[(13, 7), (13, 4)],48
14,34,[(14, 1)],177
15,33,[(15, 10), (15, 9), (15, 21)],64
16,33,[(16, 17), (16, 0), (16, 26), (16, 21)],95
17,27,[(17, 16)],36
18,25,[(18, 5)],36
19,25,[(19, 4)],31
20,24,[(20, 22), (20, 4)],37
21,17,[(21, 15), (21, 26), (21, 24), (21, 16), (21, 10)],103
22,16,[(22, 4), (22, 20)],136
23,14,[(23, 0)],45
24,14,[(24, 21)],18
25,14,[(25, 8), (25, 3), (25, 9), (25, 10)],212
26,13,[(26, 16), (26, 21)],32
27,12,[(27, 11)],16
28,10,[(28, 12)],17
29,8,[(29, 12)],20
