index,area,connectivity,isovistArea
0,63812,[(0, 9), (0, 19), (0, 5), (0, 1), (0, 4), (0, 13)],229
1,3905,[(1, 25), (1, 26), (1, 0), (1, 21), (1, 11), (1, 28), (1, 24), (1, 29), (1, 30)],2971
2,1944,[(2, 15), (2, 18), (2, 14), (2, 30)],1652
3,886,[(3, 11), (3, 20)],887
4,852,[(4, 9), (4, 13), (4, 8), (4, 0)],1460
5,647,[(5, 9), (5, 0)],687
6,585,[(6, 15), (6, 8)],616
7,525,[(7, 8), (7, 15)],452
8,523,[(8, 15), (8, 9), (8, 4), (8, 7), (8, 11), (8, 6)],884
9,522,[(9, 5), (9, 19), (9, 0), (9, 4), (9, 8)],552
10,459,[(10, 22), (10, 13), (10, 18)],795
11,438,[(11, 20), (11, 8), (11, 17), (11, 1), (11, 15), (11, 16), (11, 3)],338
12,397,[(12, 23), (12, 15), (12, 18), (12, 14)],388
13,371,[(13, 0), (13, 10), (13, 4)],1390
14,323,[(14, 2), (14, 18), (14, 12)],338
15,260,[(15, 8), (15, 7), (15, 2), (15, 12), (15, 11), (15, 6)],246
16,254,[(16, 11)],203
17,245,[(17, 11)],181
18,201,[(18, 12), (18, 2), (18, 14), (18, 10)],239
19,200,[(19, 0), (19, 9), (19, 20)],334
20,156,[(20, 11), (20, 3), (20, 19)],407
21,125,[(21, 1), (21, 27)],131
22,69,[(22, 10), (22, 23)],241
23,63,[(23, 12), (23, 22)],210
24,60,[(24, 1)],1087
25,48,[(25, 1)],1096
26,46,[(26, 1)],1215
27,45,[(27, 21)],955
28,32,[(28, 1)],788
29,29,[(29, 1)],800
30,15,[(30, 1), (30, 2)],4
