index,area,connectivity,isovistArea
0,45710,[(0, 9), (0, 19), (0, 21), (0, 0), (0, 16)],6761
1,1280,[(1, 2)],2453
2,896,[(2, 9), (2, 10), (2, 21), (2, 5), (2, 22), (2, 1), (2, 7), (2, 23)],2368
3,633,[(3, 24), (3, 8), (3, 14), (3, 7), (3, 19)],1619
4,506,[(4, 16)],629
5,501,[(5, 2)],502
6,483,[(6, 16), (6, 10)],621
7,337,[(7, 12), (7, 3), (7, 2), (7, 20), (7, 9)],746
8,327,[(8, 15), (8, 25), (8, 3), (8, 18), (8, 11)],748
9,248,[(9, 7), (9, 0), (9, 2)],375
10,241,[(10, 6), (10, 2)],631
11,156,[(11, 14), (11, 30), (11, 8), (11, 11)],1542
12,152,[(12, 23), (12, 7), (12, 29), (12, 35), (12, 14)],1077
13,138,[(13, 14), (13, 27), (13, 34), (13, 29), (13, 26), (13, 33), (13, 30)],1343
14,134,[(14, 11), (14, 12), (14, 3), (14, 13)],2213
15,111,[(15, 8)],113
16,107,[(16, 4), (16, 0), (16, 6)],2094
17,75,[(17, 35)],849
18,64,[(18, 8)],169
19,64,[(19, 0), (19, 3)],2627
20,63,[(20, 7)],337
21,56,[(21, 2), (21, 0)],2206
22,41,[(22, 2)],91
23,35,[(23, 12), (23, 2)],474
24,34,[(24, 34), (24, 33), (24, 37), (24, 31), (24, 36), (24, 3)],1114
25,28,[(25, 8)],452
26,25,[(26, 13)],168
27,24,[(27, 28), (27, 32), (27, 13), (27, 27)],165
28,21,[(28, 27)],102
29,21,[(29, 13), (29, 12)],375
30,21,[(30, 13), (30, 11)],656
31,20,[(31, 24), (31, 34)],50
32,19,[(32, 37), (32, 27), (32, 32)],75
33,17,[(33, 33), (33, 24), (33, 13)],64
34,17,[(34, 36), (34, 31), (34, 34), (34, 24), (34, 13)],59
35,17,[(35, 17), (35, 12)],137
36,11,[(36, 34), (36, 24)],20
37,9,[(37, 32), (37, 24)],19
