index,area,connectivity,isovistArea
0,55622,[(0, 3), (0, 6)],9484
1,3805,[(1, 5), (1, 12), (1, 2), (1, 7), (1, 8), (1, 4)],3765
2,3352,[(2, 1)],5884
3,2260,[(3, 7), (3, 13), (3, 0)],7170
4,2119,[(4, 1)],2134
5,2089,[(5, 1), (5, 11), (5, 13)],2085
6,1958,[(6, 0)],1996
7,1407,[(7, 3), (7, 1), (7, 10)],2807
8,1115,[(8, 1)],1119
9,411,[(9, 10)],504
10,377,[(10, 9), (10, 7)],915
11,240,[(11, 5)],647
12,205,[(12, 13), (12, 1)],581
13,168,[(13, 5), (13, 12), (13, 3), (13, 14)],1609
14,143,[(14, 13)],473
