index,area,connectivity,isovistArea
0,424,[(0, 1)],424
1,331,[(1, 10), (1, 5), (1, 11), (1, 28), (1, 49), (1, 29), (1, 14), (1, 3), (1, 20), (1, 35), (1, 26), (1, 15), (1, 0), (1, 27), (1, 33), (1, 18), (1, 24), (1, 30)],424
2,198,[(2, 32), (2, 34), (2, 23)],197
3,58,[(3, 37), (3, 24), (3, 8), (3, 1), (3, 36), (3, 23), (3, 22), (3, 25), (3, 12), (3, 44)],57
4,45,[(4, 29), (4, 12)],45
5,44,[(5, 39), (5, 1)],44
6,38,[(6, 42)],39
7,37,[(7, 16)],37
8,35,[(8, 10), (8, 42), (8, 3), (8, 17)],35
9,35,[(9, 44), (9, 23), (9, 33), (9, 47)],35
10,33,[(10, 8), (10, 1)],33
11,33,[(11, 1)],33
12,32,[(12, 3), (12, 4)],31
13,26,[(13, 21), (13, 41)],26
14,26,[(14, 31), (14, 1)],23
15,24,[(15, 1)],24
16,23,[(16, 17), (16, 7), (16, 42)],23
17,22,[(17, 8), (17, 16)],22
18,22,[(18, 1), (18, 40)],22
19,22,[(19, 22), (19, 23)],22
20,20,[(20, 1)],20
21,18,[(21, 47), (21, 13), (21, 48)],18
22,18,[(22, 19), (22, 3), (22, 37)],18
23,18,[(23, 9), (23, 19), (23, 3), (23, 2)],18
24,17,[(24, 1), (24, 3)],17
25,16,[(25, 45), (25, 46), (25, 3)],16
26,15,[(26, 1)],15
27,15,[(27, 38), (27, 1)],15
28,15,[(28, 1)],15
29,14,[(29, 4), (29, 1)],14
30,13,[(30, 1)],13
31,12,[(31, 14)],12
32,11,[(32, 37), (32, 2)],11
33,11,[(33, 9), (33, 1)],11
34,11,[(34, 2)],11
35,10,[(35, 1), (35, 41)],10
36,9,[(36, 3)],9
37,9,[(37, 3), (37, 32), (37, 22)],9
38,9,[(38, 27)],9
39,8,[(39, 5)],8
40,8,[(40, 18)],8
41,6,[(41, 35), (41, 13), (41, 43)],6
42,6,[(42, 8), (42, 6), (42, 16)],6
43,6,[(43, 41)],5
44,5,[(44, 3), (44, 9)],5
45,4,[(45, 25)],4
46,4,[(46, 25)],4
47,4,[(47, 9), (47, 21)],4
48,4,[(48, 21)],4
49,3,[(49, 1)],3