index,area,connectivity,isovistArea
0,36967,[(0, 3), (0, 22), (0, 38), (0, 8), (0, 15), (0, 1), (0, 14), (0, 29), (0, 16), (0, 10)],10816
1,2004,[(1, 25), (1, 31), (1, 37), (1, 28), (1, 17), (1, 34), (1, 2), (1, 8), (1, 14), (1, 35), (1, 26), (1, 15), (1, 0), (1, 32), (1, 38), (1, 27), (1, 33), (1, 24), (1, 30), (1, 36)],1358
2,1479,[(2, 20), (2, 9), (2, 16), (2, 21), (2, 12), (2, 1), (2, 8)],1588
3,593,[(3, 5), (3, 14), (3, 7), (3, 13), (3, 0), (3, 19)],579
4,255,[(4, 20)],269
5,189,[(5, 7), (5, 23), (5, 3), (5, 19), (5, 18)],205
6,171,[(6, 8)],172
7,164,[(7, 3), (7, 5), (7, 14)],165
8,164,[(8, 22), (8, 0), (8, 10), (8, 2), (8, 1), (8, 6)],216
9,143,[(9, 2)],553
10,129,[(10, 8), (10, 0)],130
11,114,[(11, 19)],114
12,113,[(12, 2)],407
13,111,[(13, 3)],106
14,102,[(14, 21), (14, 3), (14, 0), (14, 7), (14, 1)],141
15,82,[(15, 0), (15, 1)],489
16,78,[(16, 0), (16, 2)],105
17,61,[(17, 1)],125
18,52,[(18, 5)],70
19,49,[(19, 3), (19, 5), (19, 11)],51
20,47,[(20, 4), (20, 2)],483
21,33,[(21, 2), (21, 14)],352
22,24,[(22, 8), (22, 0)],292
23,22,[(23, 5)],22
24,22,[(24, 1)],22
25,22,[(25, 1)],22
26,22,[(26, 1)],22
27,22,[(27, 1)],22
28,20,[(28, 1)],20
29,20,[(29, 0)],11
30,19,[(30, 1)],11
31,19,[(31, 1)],19
32,19,[(32, 1)],8
33,18,[(33, 1)],25869
34,18,[(34, 1)],18
35,18,[(35, 1)],7
36,18,[(36, 1)],42950
37,18,[(37, 1)],18
38,18,[(38, 0), (38, 1)],19