index,area,connectivity,isovistArea
0,14635,[(0, 35), (0, 34), (0, 18), (0, 32), (0, 16), (0, 10)],5029
1,2427,[(1, 22), (1, 18)],4001
2,999,[(2, 4), (2, 16), (2, 21), (2, 28)],1060
3,856,[(3, 18), (3, 24), (3, 11), (3, 8), (3, 27), (3, 23), (3, 26), (3, 32), (3, 3), (3, 25), (3, 15)],517
4,574,[(4, 14), (4, 36), (4, 2), (4, 22), (4, 5)],574
5,501,[(5, 4)],504
6,481,[(6, 9)],545
7,360,[(7, 27)],373
8,279,[(8, 3)],304
9,271,[(9, 6), (9, 12), (9, 9)],271
10,239,[(10, 22), (10, 35), (10, 0), (10, 29), (10, 34), (10, 31)],3624
11,234,[(11, 3)],236
12,232,[(12, 9), (12, 36)],282
13,217,[(13, 32), (13, 33)],249
14,199,[(14, 30), (14, 18), (14, 4), (14, 17)],438
15,181,[(15, 3)],292
16,180,[(16, 0), (16, 2)],391
17,178,[(17, 14)],202
18,172,[(18, 1), (18, 14), (18, 3), (18, 0)],3698
19,107,[(19, 36)],114
20,105,[(20, 33)],120
21,98,[(21, 2)],430
22,93,[(22, 10), (22, 1), (22, 27), (22, 34), (22, 4)],4190
23,92,[(23, 3)],107
24,90,[(24, 3)],108
25,88,[(25, 3)],104
26,86,[(26, 3)],105
27,86,[(27, 22), (27, 3), (27, 7)],434
28,83,[(28, 2), (28, 30)],832
29,58,[(29, 10)],129
30,52,[(30, 14), (30, 28)],660
31,50,[(31, 10)],106
32,44,[(32, 3), (32, 13), (32, 0)],606
33,32,[(33, 13), (33, 20)],107
34,25,[(34, 10), (34, 0), (34, 22)],3750
35,25,[(35, 10), (35, 0)],4932
36,15,[(36, 19), (36, 4), (36, 12)],205
