index,area,connectivity,isovistArea
0,6333,[(0, 28), (0, 2), (0, 27), (0, 16)],1944
1,487,[(1, 4)],487
2,312,[(2, 4), (2, 9), (2, 0), (2, 21), (2, 18)],174
3,247,[(3, 5)],247
4,228,[(4, 2), (4, 13), (4, 24), (4, 11), (4, 6), (4, 8), (4, 1)],74
5,164,[(5, 25), (5, 14), (5, 3), (5, 16), (5, 10), (5, 15), (5, 12), (5, 27), (5, 24)],54
6,101,[(6, 4), (6, 24)],101
7,100,[(7, 30)],100
8,88,[(8, 4)],88
9,79,[(9, 2)],61
10,73,[(10, 5), (10, 22), (10, 23), (10, 30), (10, 18)],22
11,66,[(11, 4)],66
12,64,[(12, 5)],41
13,27,[(13, 32), (13, 4)],27
14,23,[(14, 5)],23
15,21,[(15, 5)],21
16,19,[(16, 0), (16, 5)],19
17,17,[(17, 24), (17, 19)],17
18,16,[(18, 2), (18, 20), (18, 10), (18, 21)],16
19,15,[(19, 31), (19, 17)],15
20,13,[(20, 18), (20, 29)],13
21,13,[(21, 2), (21, 18), (21, 26)],13
22,13,[(22, 10)],13
23,13,[(23, 10)],13
24,12,[(24, 17), (24, 6), (24, 5), (24, 4)],10
25,12,[(25, 5)],12
26,9,[(26, 21)],9
27,9,[(27, 5), (27, 0)],9
28,8,[(28, 0)],8
29,8,[(29, 20)],8
30,7,[(30, 10), (30, 7)],7
31,7,[(31, 19)],7
32,7,[(32, 13)],7
