index,area,connectivity,isovistArea
0,5319,[(0, 19), (0, 6), (0, 5), (0, 1), (0, 14), (0, 0)],2052
1,779,[(1, 0), (1, 33), (1, 1), (1, 3), (1, 4)],529
2,676,[(2, 3)],657
3,509,[(3, 2), (3, 24), (3, 11), (3, 1), (3, 23), (3, 10), (3, 16), (3, 9), (3, 25)],146
4,217,[(4, 32), (4, 35), (4, 36), (4, 4), (4, 13), (4, 1), (4, 33), (4, 16)],218
5,184,[(5, 0), (5, 31)],184
6,164,[(6, 9), (6, 0)],164
7,138,[(7, 24), (7, 15), (7, 17)],138
8,130,[(8, 34)],130
9,128,[(9, 6), (9, 3), (9, 10)],128
10,117,[(10, 3), (10, 9)],117
11,113,[(11, 3)],113
12,111,[(12, 21)],111
13,96,[(13, 4)],96
14,78,[(14, 0)],78
15,46,[(15, 19), (15, 7), (15, 34)],46
16,44,[(16, 4), (16, 3)],44
17,44,[(17, 7)],44
18,37,[(18, 28), (18, 21)],37
19,36,[(19, 0), (19, 15)],36
20,35,[(20, 21)],35
21,34,[(21, 28), (21, 12), (21, 18), (21, 20)],34
22,34,[(22, 23)],34
23,32,[(23, 29), (23, 3), (23, 22)],32
24,30,[(24, 7), (24, 3)],30
25,27,[(25, 3)],27
26,26,[(26, 30), (26, 27)],26
27,25,[(27, 28), (27, 26)],25
28,25,[(28, 18), (28, 21), (28, 27)],25
29,25,[(29, 23)],25
30,25,[(30, 26)],25
31,23,[(31, 5)],23
32,5,[(32, 4)],5
33,4,[(33, 1), (33, 4)],4
34,4,[(34, 15), (34, 8)],4
35,4,[(35, 4)],4
36,3,[(36, 4)],3
