index,area,connectivity,isovistArea
0,36278,[(0, 35), (0, 19), (0, 67), (0, 21), (0, 34), (0, 18), (0, 66), (0, 45)],13256
1,3906,[(1, 32)],3903
2,3654,[(2, 68), (2, 57), (2, 63), (2, 69), (2, 60), (2, 66), (2, 55), (2, 8), (2, 67), (2, 20), (2, 64), (2, 6), (2, 59), (2, 70), (2, 65)],5364
3,2418,[(3, 14)],2352
4,2031,[(4, 14), (4, 62), (4, 36), (4, 20), (4, 56), (4, 12), (4, 15), (4, 5), (4, 21)],892
5,1125,[(5, 4), (5, 20)],2368
6,1068,[(6, 34), (6, 23), (6, 2), (6, 37), (6, 43), (6, 8), (6, 24)],3263
7,706,[(7, 9)],960
8,697,[(8, 48), (8, 2), (8, 6)],1087
9,616,[(9, 22), (9, 7), (9, 13)],1013
10,538,[(10, 26), (10, 17)],597
11,363,[(11, 61)],373
12,342,[(12, 4)],351
13,310,[(13, 21), (13, 9)],940
14,308,[(14, 56), (14, 3), (14, 4)],397
15,282,[(15, 4)],309
16,212,[(16, 32)],409
17,194,[(17, 10)],527
18,158,[(18, 71), (18, 72), (18, 73), (18, 0)],310
19,128,[(19, 42), (19, 0), (19, 50), (19, 21), (19, 49)],936
20,127,[(20, 5), (20, 35), (20, 4), (20, 2)],4955
21,118,[(21, 13), (21, 4), (21, 19), (21, 0)],1052
22,116,[(22, 28), (22, 9)],351
23,111,[(23, 6)],250
24,103,[(24, 6)],280
25,102,[(25, 29), (25, 27)],380
26,99,[(26, 30), (26, 10)],105
27,97,[(27, 32), (27, 25)],374
28,96,[(28, 29), (28, 22)],366
29,94,[(29, 28), (29, 25)],365
30,91,[(30, 48), (30, 26)],206
31,89,[(31, 71), (31, 36)],217
32,88,[(32, 1), (32, 27), (32, 16)],929
33,81,[(33, 47), (33, 44)],139
34,79,[(34, 0), (34, 6)],1449
35,70,[(35, 20), (35, 0), (35, 44)],673
36,66,[(36, 4), (36, 31)],192
37,63,[(37, 6)],270
38,63,[(38, 52), (38, 45)],90
39,62,[(39, 51), (39, 45)],94
40,60,[(40, 42)],73
41,59,[(41, 58)],65
42,56,[(42, 40), (42, 19), (42, 58), (42, 46)],173
43,55,[(43, 6)],152
44,55,[(44, 35), (44, 33)],144
45,53,[(45, 38), (45, 0), (45, 39)],1
46,52,[(46, 42)],67
47,46,[(47, 33)],90
48,42,[(48, 30), (48, 8)],231
49,41,[(49, 19)],265
50,40,[(50, 19)],255
51,40,[(51, 39)],78
52,34,[(52, 38)],63
53,34,[(53, 71)],50
54,33,[(54, 72)],40
55,29,[(55, 2)],3684
56,28,[(56, 4), (56, 14)],470
57,27,[(57, 2)],3800
58,27,[(58, 61), (58, 41), (58, 42)],81
59,27,[(59, 2)],3402
60,25,[(60, 2)],2666
61,25,[(61, 58), (61, 11)],215
62,25,[(62, 4)],45
63,24,[(63, 2)],3481
64,24,[(64, 2)],2917
65,24,[(65, 2)],2878
66,24,[(66, 0), (66, 2)],4814
67,24,[(67, 2), (67, 0)],4686
68,24,[(68, 2)],3474
69,23,[(69, 2)],3519
70,22,[(70, 2)],2674
71,21,[(71, 53), (71, 72), (71, 31), (71, 18)],99
72,19,[(72, 71), (72, 18), (72, 54)],79
73,17,[(73, 18)],39
