index,area,connectivity,isovistArea
0,18254,[(0, 9), (0, 12), (0, 19), (0, 22), (0, 5), (0, 8), (0, 24), (0, 4), (0, 14), (0, 13), (0, 10)],153
1,1313,[(1, 15), (1, 12)],795
2,732,[(2, 4)],704
3,570,[(3, 11), (3, 4), (3, 13)],378
4,499,[(4, 19), (4, 20), (4, 18), (4, 13), (4, 11), (4, 6), (4, 17), (4, 5), (4, 16), (4, 3), (4, 2), (4, 0)],310
5,269,[(5, 4), (5, 20), (5, 0)],159
6,216,[(6, 4)],195
7,161,[(7, 10)],184
8,113,[(8, 0), (8, 9)],89
9,112,[(9, 0), (9, 8)],178
10,111,[(10, 7), (10, 0)],277
11,108,[(11, 4), (11, 3)],118
12,94,[(12, 0), (12, 1)],590
13,82,[(13, 3), (13, 0), (13, 4)],115
14,54,[(14, 0)],253
15,47,[(15, 1), (15, 21)],82
16,44,[(16, 4)],59
17,32,[(17, 4)],39
18,32,[(18, 23), (18, 24), (18, 4), (18, 20)],72
19,28,[(19, 0), (19, 4)],370
20,17,[(20, 5), (20, 4), (20, 23), (20, 18), (20, 24)],146
21,16,[(21, 15)],59
22,8,[(22, 0)],31
23,6,[(23, 20), (23, 24), (23, 18)],56
24,6,[(24, 23), (24, 18), (24, 0), (24, 20)],80
