index,area,connectivity,isovistArea
0,2487,[(0, 31), (0, 2), (0, 33)],370
1,299,[(1, 3)],316
2,223,[(2, 25), (2, 26), (2, 0), (2, 27), (2, 29)],222
3,204,[(3, 5), (3, 24), (3, 11), (3, 23), (3, 10), (3, 16), (3, 22), (3, 15), (3, 34), (3, 21), (3, 8), (3, 1), (3, 20), (3, 26), (3, 19), (3, 12)],92
4,42,[(4, 7), (4, 22)],51
5,29,[(5, 3)],33
6,29,[(6, 18), (6, 17)],36
7,25,[(7, 4), (7, 30)],35
8,24,[(8, 3)],27
9,23,[(9, 23), (9, 14)],32
10,23,[(10, 3)],27
11,22,[(11, 3)],25
12,21,[(12, 3)],25
13,20,[(13, 23)],27
14,18,[(14, 9)],20
15,14,[(15, 3)],20
16,14,[(16, 3)],18
17,14,[(17, 25), (17, 6)],23
18,13,[(18, 26), (18, 6)],22
19,13,[(19, 3)],17
20,13,[(20, 3)],18
21,13,[(21, 3)],16
22,11,[(22, 4), (22, 3)],96
23,10,[(23, 13), (23, 9), (23, 3)],80
24,10,[(24, 3)],62
25,10,[(25, 17), (25, 2)],80
26,9,[(26, 2), (26, 18), (26, 3)],98
27,9,[(27, 2)],70
28,9,[(28, 31)],10
29,9,[(29, 2)],72
30,7,[(30, 32), (30, 7)],22
31,6,[(31, 28), (31, 0)],386
32,6,[(32, 30)],6
33,6,[(33, 0), (33, 34)],45
34,3,[(34, 33), (34, 3)],36
