index,area,connectivity,isovistArea
0,13379,[(0, 12), (0, 15), (0, 18), (0, 1), (0, 4), (0, 2), (0, 14)],4555
1,1824,[(1, 0), (1, 21), (1, 22), (1, 17), (1, 23), (1, 19), (1, 20)],1374
2,572,[(2, 9), (2, 15), (2, 0), (2, 6), (2, 11), (2, 7), (2, 24), (2, 8), (2, 14), (2, 3)],251
3,554,[(3, 2)],532
4,342,[(4, 0)],472
5,232,[(5, 24)],233
6,123,[(6, 2), (6, 11)],153
7,98,[(7, 2)],136
8,72,[(8, 2)],90
9,55,[(9, 2)],70
10,53,[(10, 12), (10, 16)],83
11,51,[(11, 2), (11, 6)],163
12,48,[(12, 10), (12, 0)],79
13,40,[(13, 24)],72
14,34,[(14, 2), (14, 0)],268
15,33,[(15, 0), (15, 2)],489
16,26,[(16, 10)],67
17,21,[(17, 1)],223
18,18,[(18, 0)],23
19,15,[(19, 1)],17
20,15,[(20, 1)],15
21,15,[(21, 1)],248
22,15,[(22, 1)],226
23,15,[(23, 1)],25
24,11,[(24, 13), (24, 2), (24, 5)],51
