index,area,connectivity,isovistArea
0,82698,[(0, 28), (0, 19), (0, 51), (0, 6), (0, 8), (0, 32), (0, 10), (0, 57), (0, 25), (0, 3), (0, 37), (0, 2), (0, 34), (0, 17), (0, 4), (0, 29), (0, 16), (0, 26)],47
1,1659,[(1, 28), (1, 2)],3145
2,996,[(2, 22), (2, 43), (2, 28), (2, 3), (2, 20), (2, 0), (2, 21), (2, 38), (2, 1), (2, 7), (2, 56), (2, 13), (2, 30)],3069
3,813,[(3, 2), (3, 0), (3, 3)],2094
4,756,[(4, 13), (4, 0)],412
5,579,[(5, 11)],609
6,502,[(6, 50), (6, 0), (6, 24)],482
7,318,[(7, 2), (7, 11), (7, 16)],446
8,279,[(8, 0)],707
9,265,[(9, 19), (9, 26), (9, 46), (9, 30), (9, 33)],4476
10,248,[(10, 10), (10, 0), (10, 45)],463
11,240,[(11, 7), (11, 5), (11, 35)],130
12,239,[(12, 23), (12, 25), (12, 14)],280
13,231,[(13, 18), (13, 2), (13, 13), (13, 4)],447
14,230,[(14, 12), (14, 41), (14, 28), (14, 19), (14, 55), (14, 33)],191
15,219,[(15, 18)],1589
16,186,[(16, 0), (16, 7)],572
17,155,[(17, 18), (17, 40), (17, 58), (17, 0), (17, 48)],658
18,154,[(18, 49), (18, 17), (18, 39), (18, 13), (18, 51), (18, 57), (18, 42), (18, 15)],664
19,153,[(19, 0), (19, 9), (19, 14)],145
20,138,[(20, 43), (20, 22), (20, 2)],189
21,130,[(21, 2), (21, 52)],968
22,123,[(22, 22), (22, 2), (22, 20)],367
23,122,[(23, 12)],125
24,120,[(24, 6)],121
25,119,[(25, 12), (25, 0)],158
26,117,[(26, 0), (26, 53), (26, 44), (26, 9)],20133
27,115,[(27, 54), (27, 36)],119
28,109,[(28, 2), (28, 14), (28, 1), (28, 0)],299
29,99,[(29, 0)],94
30,96,[(30, 2), (30, 9)],1366
31,80,[(31, 41)],81
32,73,[(32, 47), (32, 0)],75
33,71,[(33, 9), (33, 33), (33, 14)],3143
34,60,[(34, 0)],1720
35,51,[(35, 11)],137
36,45,[(36, 27), (36, 38)],46
37,45,[(37, 0)],77
38,41,[(38, 2), (38, 36)],552
39,39,[(39, 18)],390
40,39,[(40, 17)],99
41,36,[(41, 14), (41, 31)],45
42,35,[(42, 18)],84
43,35,[(43, 20), (43, 2)],285
44,34,[(44, 26)],396
45,33,[(45, 10)],433
46,32,[(46, 9)],67
47,32,[(47, 32)],32
48,29,[(48, 17)],126
49,29,[(49, 18)],87
50,28,[(50, 6)],30
51,28,[(51, 0), (51, 18)],11093
52,26,[(52, 21)],2352
53,24,[(53, 26)],44
54,18,[(54, 27)],28
55,17,[(55, 14)],26
56,17,[(56, 2)],1648
57,15,[(57, 18), (57, 0)],16
58,11,[(58, 17)],53
