index,area,connectivity,isovistArea
0,48878,[(0, 28), (0, 51), (0, 6), (0, 8), (0, 52), (0, 20), (0, 13), (0, 57), (0, 37), (0, 24), (0, 17), (0, 36), (0, 68), (0, 46), (0, 49), (0, 58)],119
1,1467,[(1, 9), (1, 42), (1, 47), (1, 32), (1, 26), (1, 44), (1, 2), (1, 7), (1, 46), (1, 3)],1757
2,1291,[(2, 68), (2, 5), (2, 11), (2, 27), (2, 1), (2, 61), (2, 29), (2, 3)],865
3,1053,[(3, 2), (3, 8), (3, 11), (3, 1), (3, 58)],509
4,926,[(4, 30), (4, 52), (4, 45), (4, 10), (4, 16)],4499
5,477,[(5, 60), (5, 6), (5, 2)],1096
6,445,[(6, 0), (6, 5), (6, 10)],1618
7,417,[(7, 63), (7, 1)],407
8,372,[(8, 0), (8, 3), (8, 56), (8, 11)],2908
9,349,[(9, 1)],691
10,326,[(10, 6), (10, 12), (10, 41), (10, 48), (10, 14), (10, 4), (10, 18)],276
11,317,[(11, 2), (11, 8), (11, 12), (11, 3)],422
12,250,[(12, 42), (12, 10), (12, 22), (12, 11)],172
13,240,[(13, 0)],1493
14,221,[(14, 10)],228
15,208,[(15, 42)],224
16,201,[(16, 4)],7196
17,189,[(17, 0)],191
18,167,[(18, 19), (18, 10), (18, 43)],219
19,166,[(19, 18)],166
20,150,[(20, 0), (20, 55)],1939
21,129,[(21, 31), (21, 45), (21, 34), (21, 39)],166
22,119,[(22, 12), (22, 64)],129
23,112,[(23, 35)],118
24,88,[(24, 0)],84
25,83,[(25, 40)],90
26,79,[(26, 33), (26, 1)],139
27,78,[(27, 62), (27, 36), (27, 2)],3275
28,78,[(28, 0), (28, 28)],4284
29,78,[(29, 65), (29, 2), (29, 47), (29, 60)],1563
30,68,[(30, 4)],64
31,58,[(31, 34), (31, 21), (31, 35)],21024
32,53,[(32, 1)],258
33,51,[(33, 26), (33, 38)],69
34,46,[(34, 31), (34, 21)],46
35,46,[(35, 52), (35, 23), (35, 31)],73
36,39,[(36, 27), (36, 37), (36, 0)],16667
37,39,[(37, 36), (37, 0)],7862
38,39,[(38, 33)],42
39,38,[(39, 21)],60
40,34,[(40, 25), (40, 50)],53
41,34,[(41, 10)],37
42,34,[(42, 12), (42, 1), (42, 15)],268
43,33,[(43, 50), (43, 18)],42
44,32,[(44, 55), (44, 1)],117
45,30,[(45, 21), (45, 4)],75
46,28,[(46, 0), (46, 1)],294
47,27,[(47, 29), (47, 1)],201
48,26,[(48, 10)],186
49,26,[(49, 0)],189
50,25,[(50, 40), (50, 43)],43
51,24,[(51, 0)],27
52,22,[(52, 0), (52, 35), (52, 4)],34
53,22,[(53, 62)],29
54,20,[(54, 68)],36
55,20,[(55, 20), (55, 44)],21
56,20,[(56, 8)],68
57,19,[(57, 0)],49
58,18,[(58, 0), (58, 3)],5626
59,18,[(59, 68)],35
60,17,[(60, 5), (60, 29)],97
61,16,[(61, 2)],92
62,16,[(62, 27), (62, 53)],47
63,15,[(63, 7)],15
64,13,[(64, 67), (64, 22)],107
65,12,[(65, 29)],41
66,5,[(66, 67)],108
67,5,[(67, 66), (67, 64)],107
68,5,[(68, 2), (68, 59), (68, 54), (68, 0)],6808